Projeto Estruturas                                
 
  Elemento   No inicial   No final   Mod. El (N/m2)    Largura (m)     Altura (m)  
     1           1           2          2.500E+10       3.000E-01      4.000E-01
     2           2           3          2.500E+10       2.000E-01      5.000E-01
     3           3           4          2.500E+10       3.000E-01      4.000E-01
 
     No        X (m)       Y (m)
     1         0.000       0.000
     2         0.000       2.000
     3         3.000       2.000
     4         3.000       0.000
 
ELEMENTO 1
 
COMPRIMENTO (m)      COSSENO           SENO        AREA (m2)     MINERCIA (m4)  MELASTICIDADE (N/m2)
    2.00E+00          0.000           1.000        1.200E-01       1.600E-03         2.500E+10
 
MATRIZ DE RIGIDEZ LOCAL DO ELEMENTO   1
    1500000000.0             0.0             0.0   -1500000000.0             0.0             0.0
             0.0      60000000.0      60000000.0             0.0     -60000000.0      60000000.0
             0.0      60000000.0      80000000.0             0.0     -60000000.0      40000000.0
   -1500000000.0             0.0             0.0    1500000000.0             0.0             0.0
             0.0     -60000000.0     -60000000.0             0.0      60000000.0     -60000000.0
             0.0      60000000.0      40000000.0             0.0     -60000000.0      80000000.0
 
MATRIZ DE ROTACAO DO ELEMENTO  1
             0.0             1.0             0.0             0.0             0.0             0.0
            -1.0             0.0             0.0             0.0             0.0             0.0
             0.0             0.0             1.0             0.0             0.0             0.0
             0.0             0.0             0.0             0.0             1.0             0.0
             0.0             0.0             0.0            -1.0             0.0             0.0
             0.0             0.0             0.0             0.0             0.0             1.0
 
MATRIZ DE ROTACAO TRANSPOSTA DO ELEMENTO  1
             0.0            -1.0             0.0             0.0             0.0             0.0
             1.0             0.0             0.0             0.0             0.0             0.0
             0.0             0.0             1.0             0.0             0.0             0.0
             0.0             0.0             0.0             0.0            -1.0             0.0
             0.0             0.0             0.0             1.0             0.0             0.0
             0.0             0.0             0.0             0.0             0.0             1.0
 
MATRIZ DE RIGIDEZ GLOBAL DO ELEMENTO  1
      60000000.0             0.0     -60000000.0     -60000000.0             0.0     -60000000.0
             0.0    1500000000.0             0.0             0.0   -1500000000.0             0.0
     -60000000.0             0.0      80000000.0      60000000.0             0.0      40000000.0
     -60000000.0             0.0      60000000.0      60000000.0             0.0      60000000.0
             0.0   -1500000000.0             0.0             0.0    1500000000.0             0.0
     -60000000.0             0.0      40000000.0      60000000.0             0.0      80000000.0
 
QUANDRANTE (NO INICIAL, NO INICIAL)
      60000000.0             0.0     -60000000.0
             0.0    1500000000.0             0.0
     -60000000.0             0.0      80000000.0
 
QUANDRANTE (NO INICIAL, NO FINAL)
     -60000000.0             0.0     -60000000.0
             0.0   -1500000000.0             0.0
      60000000.0             0.0      40000000.0
 
QUANDRANTE (NO FINAL, NO INICIAL)
     -60000000.0             0.0      60000000.0
             0.0   -1500000000.0             0.0
     -60000000.0             0.0      40000000.0
 
QUANDRANTE (NO FINAL, NO FINAL)
      60000000.0             0.0      60000000.0
             0.0    1500000000.0             0.0
      60000000.0             0.0      80000000.0
 
VETOR DE CARGAS GLOBAIS DO ELEMENTO   1
       1.000E+03
       0.000E+00
      -3.333E+02
       1.000E+03
       0.000E+00
       3.333E+02
 
ELEMENTO 2
 
COMPRIMENTO (m)      COSSENO           SENO        AREA (m2)     MINERCIA (m4)  MELASTICIDADE (N/m2)
    3.00E+00          1.000           0.000        1.000E-01       2.083E-03         2.500E+10
 
MATRIZ DE RIGIDEZ LOCAL DO ELEMENTO   2
     833333333.3             0.0             0.0    -833333333.3             0.0             0.0
             0.0      23148148.1      34722222.2             0.0     -23148148.1      34722222.2
             0.0      34722222.2      69444444.4             0.0     -34722222.2      34722222.2
    -833333333.3             0.0             0.0     833333333.3             0.0             0.0
             0.0     -23148148.1     -34722222.2             0.0      23148148.1     -34722222.2
             0.0      34722222.2      34722222.2             0.0     -34722222.2      69444444.4
 
MATRIZ DE ROTACAO DO ELEMENTO  2
             1.0             0.0             0.0             0.0             0.0             0.0
             0.0             1.0             0.0             0.0             0.0             0.0
             0.0             0.0             1.0             0.0             0.0             0.0
             0.0             0.0             0.0             1.0             0.0             0.0
             0.0             0.0             0.0             0.0             1.0             0.0
             0.0             0.0             0.0             0.0             0.0             1.0
 
MATRIZ DE ROTACAO TRANSPOSTA DO ELEMENTO  2
             1.0             0.0             0.0             0.0             0.0             0.0
             0.0             1.0             0.0             0.0             0.0             0.0
             0.0             0.0             1.0             0.0             0.0             0.0
             0.0             0.0             0.0             1.0             0.0             0.0
             0.0             0.0             0.0             0.0             1.0             0.0
             0.0             0.0             0.0             0.0             0.0             1.0
 
MATRIZ DE RIGIDEZ GLOBAL DO ELEMENTO  2
     833333333.3             0.0             0.0    -833333333.3             0.0             0.0
             0.0      23148148.1      34722222.2             0.0     -23148148.1      34722222.2
             0.0      34722222.2      69444444.4             0.0     -34722222.2      34722222.2
    -833333333.3             0.0             0.0     833333333.3             0.0             0.0
             0.0     -23148148.1     -34722222.2             0.0      23148148.1     -34722222.2
             0.0      34722222.2      34722222.2             0.0     -34722222.2      69444444.4
 
QUANDRANTE (NO INICIAL, NO INICIAL)
     893333333.3             0.0      60000000.0
             0.0    1523148148.1      34722222.2
      60000000.0      34722222.2     149444444.4
 
QUANDRANTE (NO INICIAL, NO FINAL)
    -833333333.3             0.0             0.0
             0.0     -23148148.1      34722222.2
             0.0     -34722222.2      34722222.2
 
QUANDRANTE (NO FINAL, NO INICIAL)
    -833333333.3             0.0             0.0
             0.0     -23148148.1     -34722222.2
             0.0      34722222.2      34722222.2
 
QUANDRANTE (NO FINAL, NO FINAL)
     833333333.3             0.0             0.0
             0.0      23148148.1     -34722222.2
             0.0     -34722222.2      69444444.4
 
VETOR DE CARGAS GLOBAIS DO ELEMENTO   2
       0.000E+00
      -3.000E+03
      -1.500E+03
       0.000E+00
      -3.000E+03
       1.500E+03
 
ELEMENTO 3
 
COMPRIMENTO (m)      COSSENO           SENO        AREA (m2)     MINERCIA (m4)  MELASTICIDADE (N/m2)
    2.00E+00          0.000          -1.000        1.200E-01       1.600E-03         2.500E+10
 
MATRIZ DE RIGIDEZ LOCAL DO ELEMENTO   3
    1500000000.0             0.0             0.0   -1500000000.0             0.0             0.0
             0.0      60000000.0      60000000.0             0.0     -60000000.0      60000000.0
             0.0      60000000.0      80000000.0             0.0     -60000000.0      40000000.0
   -1500000000.0             0.0             0.0    1500000000.0             0.0             0.0
             0.0     -60000000.0     -60000000.0             0.0      60000000.0     -60000000.0
             0.0      60000000.0      40000000.0             0.0     -60000000.0      80000000.0
 
MATRIZ DE ROTACAO DO ELEMENTO  3
             0.0            -1.0             0.0             0.0             0.0             0.0
             1.0             0.0             0.0             0.0             0.0             0.0
             0.0             0.0             1.0             0.0             0.0             0.0
             0.0             0.0             0.0             0.0            -1.0             0.0
             0.0             0.0             0.0             1.0             0.0             0.0
             0.0             0.0             0.0             0.0             0.0             1.0
 
MATRIZ DE ROTACAO TRANSPOSTA DO ELEMENTO  3
             0.0             1.0             0.0             0.0             0.0             0.0
            -1.0             0.0             0.0             0.0             0.0             0.0
             0.0             0.0             1.0             0.0             0.0             0.0
             0.0             0.0             0.0             0.0             1.0             0.0
             0.0             0.0             0.0            -1.0             0.0             0.0
             0.0             0.0             0.0             0.0             0.0             1.0
 
MATRIZ DE RIGIDEZ GLOBAL DO ELEMENTO  3
      60000000.0             0.0      60000000.0     -60000000.0             0.0      60000000.0
             0.0    1500000000.0             0.0             0.0   -1500000000.0             0.0
      60000000.0             0.0      80000000.0     -60000000.0             0.0      40000000.0
     -60000000.0             0.0     -60000000.0      60000000.0             0.0     -60000000.0
             0.0   -1500000000.0             0.0             0.0    1500000000.0             0.0
      60000000.0             0.0      40000000.0     -60000000.0             0.0      80000000.0
 
QUANDRANTE (NO INICIAL, NO INICIAL)
     893333333.3             0.0      60000000.0
             0.0    1523148148.1     -34722222.2
      60000000.0     -34722222.2     149444444.4
 
QUANDRANTE (NO INICIAL, NO FINAL)
     -60000000.0             0.0      60000000.0
             0.0   -1500000000.0             0.0
     -60000000.0             0.0      40000000.0
 
QUANDRANTE (NO FINAL, NO INICIAL)
     -60000000.0             0.0     -60000000.0
             0.0   -1500000000.0             0.0
      60000000.0             0.0      40000000.0
 
QUANDRANTE (NO FINAL, NO FINAL)
      60000000.0             0.0     -60000000.0
             0.0    1500000000.0             0.0
     -60000000.0             0.0      80000000.0
 
VETOR DE CARGAS GLOBAIS DO ELEMENTO   3
      -1.000E+03
       0.000E+00
      -3.333E+02
      -1.000E+03
       0.000E+00
       3.333E+02
 
MATRIZ DE RIGIDEZ GLOBAL DA ESTRUTURA
    60000000.000           0.000   -60000000.000   -60000000.000           0.000   -60000000.000           0.000           0.000           0.000           0.000           0.000           0.000
           0.000  1500000000.000           0.000           0.000 -1500000000.000           0.000           0.000           0.000           0.000           0.000           0.000           0.000
   -60000000.000           0.000    80000000.000    60000000.000           0.000    40000000.000           0.000           0.000           0.000           0.000           0.000           0.000
   -60000000.000           0.000    60000000.000   893333333.333           0.000    60000000.000  -833333333.333           0.000           0.000           0.000           0.000           0.000
           0.000 -1500000000.000           0.000           0.000  1523148148.148    34722222.222           0.000   -23148148.148    34722222.222           0.000           0.000           0.000
   -60000000.000           0.000    40000000.000    60000000.000    34722222.222   149444444.444           0.000   -34722222.222    34722222.222           0.000           0.000           0.000
           0.000           0.000           0.000  -833333333.333           0.000           0.000   893333333.333           0.000    60000000.000   -60000000.000           0.000    60000000.000
           0.000           0.000           0.000           0.000   -23148148.148   -34722222.222           0.000  1523148148.148   -34722222.222           0.000 -1500000000.000           0.000
           0.000           0.000           0.000           0.000    34722222.222    34722222.222    60000000.000   -34722222.222   149444444.444   -60000000.000           0.000    40000000.000
           0.000           0.000           0.000           0.000           0.000           0.000   -60000000.000           0.000   -60000000.000    60000000.000           0.000   -60000000.000
           0.000           0.000           0.000           0.000           0.000           0.000           0.000 -1500000000.000           0.000           0.000  1500000000.000           0.000
           0.000           0.000           0.000           0.000           0.000           0.000    60000000.000           0.000    40000000.000   -60000000.000           0.000    80000000.000
 
MATRIZ DE RIGIDEZ GLOBAL DA ESTRUTURA COM RESTRICOES
           1.000           0.000           0.000           0.000           0.000           0.000           0.000           0.000           0.000           0.000           0.000           0.000
           0.000           1.000           0.000           0.000           0.000           0.000           0.000           0.000           0.000           0.000           0.000           0.000
           0.000           0.000           1.000           0.000           0.000           0.000           0.000           0.000           0.000           0.000           0.000           0.000
           0.000           0.000           0.000   893333333.333           0.000    60000000.000  -833333333.333           0.000           0.000           0.000           0.000           0.000
           0.000           0.000           0.000           0.000  1523148148.148    34722222.222           0.000   -23148148.148    34722222.222           0.000           0.000           0.000
           0.000           0.000           0.000    60000000.000    34722222.222   149444444.444           0.000   -34722222.222    34722222.222           0.000           0.000           0.000
           0.000           0.000           0.000  -833333333.333           0.000           0.000   893333333.333           0.000    60000000.000           0.000           0.000           0.000
           0.000           0.000           0.000           0.000   -23148148.148   -34722222.222           0.000  1523148148.148   -34722222.222           0.000           0.000           0.000
           0.000           0.000           0.000           0.000    34722222.222    34722222.222    60000000.000   -34722222.222   149444444.444           0.000           0.000           0.000
           0.000           0.000           0.000           0.000           0.000           0.000           0.000           0.000           0.000           1.000           0.000           0.000
           0.000           0.000           0.000           0.000           0.000           0.000           0.000           0.000           0.000           0.000           1.000           0.000
           0.000           0.000           0.000           0.000           0.000           0.000           0.000           0.000           0.000           0.000           0.000           1.000
 
VETOR DE SOLICITACOES GLOBAIS DOS ELEMENTOS
       1.000E+03
       0.000E+00
      -3.333E+02
       1.000E+03
      -3.000E+03
      -1.167E+03
      -1.000E+03
      -3.000E+03
       1.167E+03
      -1.000E+03
       0.000E+00
       3.333E+02
 
VETOR DE CARGAS GLOBAIS
       1.000E+03
       0.000E+00
      -3.333E+02
       1.100E+04
      -3.000E+03
      -1.167E+03
      -1.000E+03
      -8.000E+03
       1.167E+03
      -1.000E+03
       0.000E+00
       3.333E+02
 
VETOR DE CARGAS GLOBAIS COM RESTRICOES
       0.000E+00
       0.000E+00
       0.000E+00
       1.100E+04
      -3.000E+03
      -1.167E+03
      -1.000E+03
      -8.000E+03
       1.167E+03
       0.000E+00
       0.000E+00
       0.000E+00
 
VETOR DE DESLOCAMENTOS GLOBAIS
       0.000E+00
       0.000E+00
       0.000E+00
       1.295E-04
      -1.532E-07
      -5.444E-05
       1.217E-04
      -7.180E-06
      -3.002E-05
       0.000E+00
       0.000E+00
       0.000E+00
 
SOLUCAO
 
ELEMENTO   1
 
VETOR DE DESLOCAMENTOS GLOBAIS DO ELEMENTO   1
       0.000E+00
       0.000E+00
       0.000E+00
       1.295E-04
      -1.532E-07
      -5.444E-05
 
VETOR DE DESLOCAMENTOS LOCAIS DO ELEMENTO   1
       0.000E+00
       0.000E+00
       0.000E+00
      -1.532E-07
      -1.295E-04
      -5.444E-05
 
MATRIZ DE RIGIDEZ DO ELEMENTO   1
    1500000000.0             0.0             0.0   -1500000000.0             0.0             0.0
             0.0      60000000.0      60000000.0             0.0     -60000000.0      60000000.0
             0.0      60000000.0      80000000.0             0.0     -60000000.0      40000000.0
   -1500000000.0             0.0             0.0    1500000000.0             0.0             0.0
             0.0     -60000000.0     -60000000.0             0.0      60000000.0     -60000000.0
             0.0      60000000.0      40000000.0             0.0     -60000000.0      80000000.0
 
 VETOR DE ESFORCOS LOCAIS NO ELEMENTO   1
       2.298E+02
       5.501E+03
       5.924E+03
      -2.298E+02
      -3.501E+03
       3.079E+03
                      No inicial        No final
 Esf.Normal (N)        2.298E+02      -2.298E+02
Esf.Cortante (N)       5.501E+03      -3.501E+03
Mom.Fletor (N*m)       5.924E+03       3.079E+03
 
ELEMENTO   2
 
VETOR DE DESLOCAMENTOS GLOBAIS DO ELEMENTO   2
       1.295E-04
      -1.532E-07
      -5.444E-05
       1.217E-04
      -7.180E-06
      -3.002E-05
 
VETOR DE DESLOCAMENTOS LOCAIS DO ELEMENTO   2
       1.295E-04
      -1.532E-07
      -5.444E-05
       1.217E-04
      -7.180E-06
      -3.002E-05
 
MATRIZ DE RIGIDEZ DO ELEMENTO   2
     833333333.3             0.0             0.0    -833333333.3             0.0             0.0
             0.0      23148148.1      34722222.2             0.0     -23148148.1      34722222.2
             0.0      34722222.2      69444444.4             0.0     -34722222.2      34722222.2
    -833333333.3             0.0             0.0     833333333.3             0.0             0.0
             0.0     -23148148.1     -34722222.2             0.0      23148148.1     -34722222.2
             0.0      34722222.2      34722222.2             0.0     -34722222.2      69444444.4
 
 VETOR DE ESFORCOS LOCAIS NO ELEMENTO   2
       6.499E+03
       2.298E+02
      -3.079E+03
      -6.499E+03
       5.770E+03
      -5.231E+03
                      No inicial        No final
 Esf.Normal (N)        6.499E+03      -6.499E+03
Esf.Cortante (N)       2.298E+02       5.770E+03
Mom.Fletor (N*m)      -3.079E+03      -5.231E+03
 
ELEMENTO   3
 
VETOR DE DESLOCAMENTOS GLOBAIS DO ELEMENTO   3
       1.217E-04
      -7.180E-06
      -3.002E-05
       0.000E+00
       0.000E+00
       0.000E+00
 
VETOR DE DESLOCAMENTOS LOCAIS DO ELEMENTO   3
       7.180E-06
       1.217E-04
      -3.002E-05
       0.000E+00
       0.000E+00
       0.000E+00
 
MATRIZ DE RIGIDEZ DO ELEMENTO   3
    1500000000.0             0.0             0.0   -1500000000.0             0.0             0.0
             0.0      60000000.0      60000000.0             0.0     -60000000.0      60000000.0
             0.0      60000000.0      80000000.0             0.0     -60000000.0      40000000.0
   -1500000000.0             0.0             0.0    1500000000.0             0.0             0.0
             0.0     -60000000.0     -60000000.0             0.0      60000000.0     -60000000.0
             0.0      60000000.0      40000000.0             0.0     -60000000.0      80000000.0
 
 VETOR DE ESFORCOS LOCAIS NO ELEMENTO   3
       1.077E+04
       6.499E+03
       5.231E+03
      -1.077E+04
      -4.499E+03
       5.766E+03
                      No inicial        No final
 Esf.Normal (N)        1.077E+04      -1.077E+04
Esf.Cortante (N)       6.499E+03      -4.499E+03
Mom.Fletor (N*m)       5.231E+03       5.766E+03
 
