Projeto Estruturas                                
 
  Elemento   No inicial   No final   Mod. El (N/m2)    Largura (m)     Altura (m)  
     1           1           2          2.500E+10       3.000E-01      4.000E-01
 
     No        X (m)       Y (m)
     1         0.000       0.000
     2         0.000       2.000
 
ELEMENTO 1
 
COMPRIMENTO (m)      COSSENO           SENO        AREA (m2)     MINERCIA (m4)  MELASTICIDADE (N/m2)
    2.00E+00          0.000           1.000        1.200E-01       1.600E-03         2.500E+10
 
MATRIZ DE RIGIDEZ LOCAL DO ELEMENTO   1
    1500000000.0             0.0             0.0   -1500000000.0             0.0             0.0
             0.0      60000000.0      60000000.0             0.0     -60000000.0      60000000.0
             0.0      60000000.0      80000000.0             0.0     -60000000.0      40000000.0
   -1500000000.0             0.0             0.0    1500000000.0             0.0             0.0
             0.0     -60000000.0     -60000000.0             0.0      60000000.0     -60000000.0
             0.0      60000000.0      40000000.0             0.0     -60000000.0      80000000.0
 
MATRIZ DE ROTACAO DO ELEMENTO  1
             0.0             1.0             0.0             0.0             0.0             0.0
            -1.0             0.0             0.0             0.0             0.0             0.0
             0.0             0.0             1.0             0.0             0.0             0.0
             0.0             0.0             0.0             0.0             1.0             0.0
             0.0             0.0             0.0            -1.0             0.0             0.0
             0.0             0.0             0.0             0.0             0.0             1.0
 
MATRIZ DE ROTACAO TRANSPOSTA DO ELEMENTO  1
             0.0            -1.0             0.0             0.0             0.0             0.0
             1.0             0.0             0.0             0.0             0.0             0.0
             0.0             0.0             1.0             0.0             0.0             0.0
             0.0             0.0             0.0             0.0            -1.0             0.0
             0.0             0.0             0.0             1.0             0.0             0.0
             0.0             0.0             0.0             0.0             0.0             1.0
 
MATRIZ DE RIGIDEZ GLOBAL DO ELEMENTO  1
      60000000.0             0.0     -60000000.0     -60000000.0             0.0     -60000000.0
             0.0    1500000000.0             0.0             0.0   -1500000000.0             0.0
     -60000000.0             0.0      80000000.0      60000000.0             0.0      40000000.0
     -60000000.0             0.0      60000000.0      60000000.0             0.0      60000000.0
             0.0   -1500000000.0             0.0             0.0    1500000000.0             0.0
     -60000000.0             0.0      40000000.0      60000000.0             0.0      80000000.0
 
QUANDRANTE (NO INICIAL, NO INICIAL)
      60000000.0             0.0     -60000000.0
             0.0    1500000000.0             0.0
     -60000000.0             0.0      80000000.0
 
QUANDRANTE (NO INICIAL, NO FINAL)
     -60000000.0             0.0     -60000000.0
             0.0   -1500000000.0             0.0
      60000000.0             0.0      40000000.0
 
QUANDRANTE (NO FINAL, NO INICIAL)
     -60000000.0             0.0      60000000.0
             0.0   -1500000000.0             0.0
     -60000000.0             0.0      40000000.0
 
QUANDRANTE (NO FINAL, NO FINAL)
      60000000.0             0.0      60000000.0
             0.0    1500000000.0             0.0
      60000000.0             0.0      80000000.0
 
VETOR DE CARGAS GLOBAIS DO ELEMENTO   1
       1.000E+03
       0.000E+00
      -3.333E+02
       1.000E+03
       0.000E+00
       3.333E+02
 
MATRIZ DE RIGIDEZ GLOBAL DA ESTRUTURA
    60000000.000           0.000   -60000000.000   -60000000.000           0.000   -60000000.000
           0.000  1500000000.000           0.000           0.000 -1500000000.000           0.000
   -60000000.000           0.000    80000000.000    60000000.000           0.000    40000000.000
   -60000000.000           0.000    60000000.000    60000000.000           0.000    60000000.000
           0.000 -1500000000.000           0.000           0.000  1500000000.000           0.000
   -60000000.000           0.000    40000000.000    60000000.000           0.000    80000000.000
 
MATRIZ DE RIGIDEZ GLOBAL DA ESTRUTURA COM RESTRICOES
           1.000           0.000           0.000           0.000           0.000           0.000
           0.000           1.000           0.000           0.000           0.000           0.000
           0.000           0.000           1.000           0.000           0.000           0.000
           0.000           0.000           0.000    60000000.000           0.000    60000000.000
           0.000           0.000           0.000           0.000  1500000000.000           0.000
           0.000           0.000           0.000    60000000.000           0.000    80000000.000
 
VETOR DE SOLICITACOES GLOBAIS DOS ELEMENTOS
       1.000E+03
       0.000E+00
      -3.333E+02
       1.000E+03
       0.000E+00
       3.333E+02
 
VETOR DE CARGAS GLOBAIS
       1.000E+03
       0.000E+00
      -3.333E+02
       1.000E+03
       0.000E+00
       3.333E+02
 
VETOR DE CARGAS GLOBAIS COM RESTRICOES
       0.000E+00
       0.000E+00
       0.000E+00
       1.000E+03
       0.000E+00
       3.333E+02
 
VETOR DE DESLOCAMENTOS GLOBAIS
       0.000E+00
       0.000E+00
       0.000E+00
       5.000E-05
       0.000E+00
      -3.333E-05
 
SOLUCAO
 
ELEMENTO   1
 
VETOR DE DESLOCAMENTOS GLOBAIS DO ELEMENTO   1
       0.000E+00
       0.000E+00
       0.000E+00
       5.000E-05
       0.000E+00
      -3.333E-05
 
VETOR DE DESLOCAMENTOS LOCAIS DO ELEMENTO   1
       0.000E+00
       0.000E+00
       0.000E+00
       0.000E+00
      -5.000E-05
      -3.333E-05
 
MATRIZ DE RIGIDEZ DO ELEMENTO   1
    1500000000.0             0.0             0.0   -1500000000.0             0.0             0.0
             0.0      60000000.0      60000000.0             0.0     -60000000.0      60000000.0
             0.0      60000000.0      80000000.0             0.0     -60000000.0      40000000.0
   -1500000000.0             0.0             0.0    1500000000.0             0.0             0.0
             0.0     -60000000.0     -60000000.0             0.0      60000000.0     -60000000.0
             0.0      60000000.0      40000000.0             0.0     -60000000.0      80000000.0
 
 VETOR DE ESFORCOS LOCAIS NO ELEMENTO   1
       0.000E+00
       2.000E+03
       2.000E+03
       0.000E+00
       0.000E+00
       1.137E-13
                      No inicial        No final
 Esf.Normal (N)        0.000E+00       0.000E+00
Esf.Cortante (N)       2.000E+03       0.000E+00
Mom.Fletor (N*m)       2.000E+03       1.137E-13
 
